Packet number,Element 11, Element 12, Element 13, Element 21, Element 22, Element 23, Element 31, Element 32, Element 33
2,-0.4362213,0.7349796,-0.5191492,-0.7181307,-0.631996,-0.2913233,-0.542217,0.2457356,0.8035015
5,-0.4362484,0.7349743,-0.519134,-0.718165,-0.6319904,-0.2912511,-0.5421498,0.245766,0.8035375
8,-0.4362107,0.7350069,-0.5191196,-0.718198,-0.6319476,-0.2912627,-0.5421364,0.2457788,0.8035427
11,-0.4361726,0.7350208,-0.5191318,-0.7182507,-0.6319061,-0.2912226,-0.5420972,0.2458435,0.8035493
14,-0.4361053,0.7350466,-0.5191517,-0.7183143,-0.6318457,-0.2911968,-0.542067,0.2459217,0.8035457
17,-0.4361323,0.7350414,-0.5191365,-0.7183487,-0.6318399,-0.2911246,-0.5419998,0.2459522,0.8035818
20,-0.4360942,0.7350554,-0.5191488,-0.7184014,-0.6317984,-0.2910846,-0.5419607,0.2460169,0.8035885
23,-0.4360544,0.7350944,-0.5191269,-0.7184796,-0.6317309,-0.2910381,-0.541889,0.2460736,0.8036193
26,-0.4360441,0.7351403,-0.5190706,-0.7185272,-0.631681,-0.291029,-0.5418341,0.2460648,0.8036591
29,-0.4360335,0.7351675,-0.5190409,-0.7185944,-0.6316325,-0.2909682,-0.5417535,0.246108,0.8037001
32,-0.4359963,0.7352186,-0.5189999,-0.7186076,-0.6315884,-0.2910313,-0.5417659,0.2460687,0.8037038
35,-0.4360238,0.7352318,-0.518958,-0.7186222,-0.6315813,-0.2910106,-0.5417244,0.2460472,0.8037384
38,-0.4359862,0.7352642,-0.5189435,-0.718655,-0.6315386,-0.2910221,-0.541711,0.2460598,0.8037434
41,-0.4360141,0.7352961,-0.5188751,-0.71865,-0.6315301,-0.2910531,-0.5416954,0.2459863,0.8037766
44,-0.4360039,0.7353418,-0.5188187,-0.7186974,-0.6314803,-0.2910439,-0.5416406,0.2459775,0.8038161
47,-0.4360318,0.7353737,-0.5187503,-0.7186924,-0.6314719,-0.2910748,-0.541625,0.2459039,0.8038493
50,-0.4360611,0.7353618,-0.5187424,-0.7186813,-0.631491,-0.2910605,-0.541616,0.2458904,0.8038594
53,-0.4360889,0.7353936,-0.518674,-0.7186761,-0.6314827,-0.2910914,-0.5416003,0.2458169,0.8038924
56,-0.4361563,0.7353677,-0.518654,-0.7186125,-0.6315432,-0.2911172,-0.5416306,0.2457386,0.803896
59,-0.4362219,0.735367,-0.5185999,-0.7185744,-0.6315776,-0.2911367,-0.5416283,0.2456524,0.8039238
62,-0.4362219,0.735367,-0.5185999,-0.7185744,-0.6315776,-0.2911367,-0.5416283,0.2456524,0.8039238
65,-0.4362219,0.735367,-0.5185999,-0.7185744,-0.6315776,-0.2911367,-0.5416283,0.2456524,0.8039238
68,-0.43626,0.735353,-0.5185876,-0.7185217,-0.631619,-0.2911767,-0.5416675,0.2455877,0.8039173
71,-0.436233,0.7353583,-0.5186029,-0.7184874,-0.6316248,-0.291249,-0.5417348,0.2455573,0.8038813
74,-0.4363003,0.7353325,-0.5185829,-0.7184238,-0.6316853,-0.2912748,-0.541765,0.245479,0.803885
77,-0.436311,0.7353052,-0.5186126,-0.7183565,-0.6317338,-0.2913355,-0.5418456,0.2454358,0.8038437
80,-0.4363115,0.7353237,-0.5185859,-0.7183368,-0.6317324,-0.2913871,-0.5418713,0.2453838,0.8038422
83,-0.4363793,0.7353163,-0.5185393,-0.7182534,-0.6317916,-0.2914644,-0.5419273,0.2452535,0.8038442
86,-0.4364174,0.7353024,-0.5185271,-0.7182007,-0.631833,-0.2915045,-0.5419665,0.2451889,0.8038377
91,-0.4365229,0.7352624,-0.5184949,-0.7180843,-0.6319349,-0.2915704,-0.5420358,0.2450459,0.8038344
94,-0.436562,0.7352854,-0.5184293,-0.7179921,-0.6319736,-0.2917136,-0.5421264,0.2448771,0.8038246
97,-0.4366674,0.7352454,-0.5183972,-0.7178755,-0.6320754,-0.2917795,-0.5421957,0.2447341,0.8038214
100,-0.4367729,0.7352055,-0.5183651,-0.7177592,-0.6321772,-0.2918454,-0.5422649,0.2445911,0.8038184
103,-0.4368783,0.7351655,-0.518333,-0.7176427,-0.632279,-0.2919113,-0.5423342,0.2444481,0.8038152
106,-0.4369837,0.7351255,-0.5183008,-0.7175261,-0.6323808,-0.2919772,-0.5424033,0.2443051,0.8038118
109,-0.4369949,0.7351167,-0.5183038,-0.7174391,-0.6324278,-0.2920895,-0.5425096,0.2442098,0.8037691
112,-0.4371003,0.7350767,-0.5182717,-0.7173225,-0.6325296,-0.2921554,-0.5425788,0.2440668,0.803766
115,-0.4371384,0.7350626,-0.5182595,-0.7172697,-0.6325709,-0.2921954,-0.5426179,0.244002,0.8037592
118,-0.4371783,0.7350234,-0.5182815,-0.7171913,-0.6326383,-0.2922418,-0.5426893,0.2439452,0.803728
121,-0.4371884,0.7349777,-0.5183378,-0.7171437,-0.6326881,-0.292251,-0.5427442,0.243954,0.8036886
124,-0.4371705,0.7349002,-0.5184627,-0.7171013,-0.6327463,-0.2922291,-0.5428146,0.2440363,0.8036159
127,-0.4371239,0.7348532,-0.5185688,-0.7170501,-0.6327841,-0.2922731,-0.5429199,0.2440801,0.8035317
130,-0.437078,0.734744,-0.5187621,-0.7170128,-0.6328508,-0.2922202,-0.5430061,0.244236,0.803426
133,-0.437003,0.7346466,-0.5189632,-0.7169864,-0.6328984,-0.2921816,-0.5431012,0.2444053,0.8033101
136,-0.436957,0.7345374,-0.5191565,-0.7169492,-0.6329651,-0.2921287,-0.5431874,0.2445611,0.8032045
139,-0.4368819,0.7344399,-0.5193575,-0.7169228,-0.6330127,-0.2920901,-0.5432825,0.2447304,0.8030885
142,-0.4367692,0.734375,-0.519544,-0.7169295,-0.6330175,-0.292063,-0.5433642,0.2449124,0.8029776
145,-0.4367131,0.7343114,-0.519681,-0.7169399,-0.6330345,-0.292001,-0.5433956,0.2450594,0.8029115
148,-0.4366655,0.7342271,-0.5198401,-0.7169282,-0.633075,-0.2919417,-0.5434493,0.2452072,0.8028301
151,-0.4365526,0.7341622,-0.5200266,-0.716935,-0.6330798,-0.2919146,-0.5435311,0.2453892,0.8027194
154,-0.4365342,0.7340659,-0.5201779,-0.7169123,-0.6331394,-0.2918411,-0.5435757,0.2455234,0.8026478
157,-0.4364485,0.7339956,-0.5203491,-0.7169535,-0.6331385,-0.2917418,-0.5435903,0.2457359,0.802573
160,-0.4364296,0.7338807,-0.5205271,-0.7169507,-0.6331994,-0.2916167,-0.5436093,0.245922,0.8025032
163,-0.4363447,0.7338474,-0.5206451,-0.7169523,-0.6331958,-0.2916206,-0.5436753,0.2460305,0.8024252
166,-0.4362977,0.7337006,-0.5208913,-0.7169546,-0.633265,-0.2914645,-0.5437099,0.2462901,0.8023221
169,-0.436212,0.73363,-0.5210624,-0.7169957,-0.6332641,-0.2913652,-0.5437244,0.2465026,0.8022469
172,-0.4361366,0.7335322,-0.5212632,-0.7169695,-0.6333116,-0.2913265,-0.5438194,0.2466717,0.8021307
175,-0.4360233,0.7334482,-0.5214761,-0.7169961,-0.6333177,-0.2912477,-0.5438752,0.2469056,0.8020207
178,-0.4359099,0.7333642,-0.521689,-0.7170227,-0.6333238,-0.291169,-0.543931,0.2471394,0.801911
181,-0.4357961,0.7332615,-0.5219284,-0.7170691,-0.6333311,-0.2910388,-0.543961,0.2474252,0.8018023
184,-0.4356826,0.7331775,-0.5221413,-0.7170959,-0.6333371,-0.2909601,-0.5440168,0.2476591,0.8016926
188,-0.4356632,0.7330435,-0.5223455,-0.7171128,-0.633399,-0.2907833,-0.5440099,0.247897,0.8016236
191,-0.4355779,0.7329913,-0.5224899,-0.7171342,-0.6333967,-0.2907356,-0.54405,0.2480574,0.8015468
194,-0.4355593,0.7328946,-0.5226409,-0.7171116,-0.633456,-0.2906619,-0.5440946,0.2481914,0.8014749
197,-0.4355593,0.7328946,-0.5226409,-0.7171116,-0.633456,-0.2906619,-0.5440946,0.2481914,0.8014749
200,-0.4355317,0.7328812,-0.5226827,-0.717097,-0.6334631,-0.2906825,-0.5441359,0.2482128,0.8014402
203,-0.4355697,0.7328674,-0.5226706,-0.7170442,-0.6335046,-0.2907224,-0.5441751,0.248148,0.8014337
206,-0.4355697,0.7328674,-0.5226706,-0.7170442,-0.6335046,-0.2907224,-0.5441751,0.248148,0.8014337
209,-0.4356089,0.7328095,-0.5227189,-0.7169856,-0.6335734,-0.290717,-0.544221,0.248143,0.8014039
212,-0.4356188,0.7327636,-0.5227751,-0.7169381,-0.6336231,-0.290726,-0.5442758,0.2481517,0.8013643
215,-0.4356563,0.732731,-0.5227895,-0.716905,-0.6336659,-0.2907143,-0.5442892,0.2481389,0.8013591
218,-0.4356381,0.732653,-0.522914,-0.7168626,-0.6337239,-0.2906922,-0.5443596,0.2482209,0.8012858
221,-0.4356105,0.7326397,-0.5229557,-0.7168481,-0.6337309,-0.2907128,-0.544401,0.2482423,0.8012513
224,-0.4355532,0.7326194,-0.5230318,-0.7168643,-0.6337203,-0.2906961,-0.5444255,0.2483292,0.8012075
227,-0.4355256,0.732606,-0.5230735,-0.7168496,-0.6337274,-0.2907166,-0.5444667,0.2483506,0.8011728
230,-0.4355256,0.732606,-0.5230735,-0.7168496,-0.6337274,-0.2907166,-0.5444667,0.2483506,0.8011728
233,-0.4354405,0.7325724,-0.5231913,-0.7168514,-0.6337237,-0.2907204,-0.5445325,0.248459,0.8010946
236,-0.4354786,0.7325584,-0.5231792,-0.7167984,-0.6337653,-0.2907603,-0.5445718,0.2483942,0.8010879
239,-0.4354509,0.7325451,-0.523221,-0.7167839,-0.6337723,-0.2907809,-0.5446131,0.2484155,0.8010533
242,-0.4354509,0.7325451,-0.523221,-0.7167839,-0.6337723,-0.2907809,-0.5446131,0.2484155,0.8010533
245,-0.4354232,0.7325318,-0.5232627,-0.7167694,-0.6337793,-0.2908014,-0.5446544,0.2484369,0.8010187
248,-0.4354236,0.7325505,-0.5232361,-0.7167495,-0.6337781,-0.290853,-0.5446801,0.248385,0.8010172
251,-0.4354616,0.7325366,-0.523224,-0.7166967,-0.6338196,-0.2908929,-0.5447193,0.2483202,0.8010107
254,-0.4354625,0.732574,-0.5231709,-0.716657,-0.6338171,-0.290996,-0.5447708,0.2482162,0.8010079
257,-0.4355202,0.732613,-0.5230682,-0.716621,-0.6338264,-0.2910643,-0.544772,0.2480773,0.8010502
260,-0.4355488,0.7326637,-0.5229734,-0.7165959,-0.6338168,-0.2911469,-0.5447821,0.2479519,0.8010819
263,-0.4355868,0.7326497,-0.5229613,-0.716543,-0.6338583,-0.2911868,-0.5448213,0.2478871,0.8010752
266,-0.435645,0.7327073,-0.5228321,-0.7164871,-0.6338664,-0.2913067,-0.5448482,0.2476962,0.8011159
269,-0.4356736,0.732758,-0.5227372,-0.7164621,-0.6338568,-0.2913893,-0.5448583,0.2475708,0.8011479
272,-0.4357412,0.7327509,-0.5226907,-0.7163784,-0.6339158,-0.2914664,-0.5449142,0.2474404,0.8011501
275,-0.4357973,0.732815,-0.5225542,-0.716368,-0.6338991,-0.2915286,-0.5448831,0.2472937,0.8012167
278,-0.4358552,0.7328538,-0.5224515,-0.716332,-0.6339084,-0.2915968,-0.5448843,0.2471547,0.801259
281,-0.4358841,0.7329232,-0.5223301,-0.7162871,-0.6338974,-0.291731,-0.5449201,0.2469774,0.8012892
286,-0.43598,0.7329479,-0.5222153,-0.7161981,-0.6339481,-0.2918392,-0.5449603,0.2467736,0.8013245
289,-0.4360461,0.7329658,-0.5221348,-0.7161399,-0.6339811,-0.2919102,-0.5449838,0.2466353,0.8013511
292,-0.4361137,0.7329587,-0.5220884,-0.7160562,-0.6340401,-0.2919874,-0.5450397,0.2465049,0.8013533
295,-0.4361418,0.7329907,-0.5220201,-0.716051,-0.6340317,-0.2920184,-0.5450241,0.2464315,0.8013865
298,-0.4362372,0.7329967,-0.5219318,-0.7159818,-0.6340836,-0.2920751,-0.5450385,0.2462797,0.8014231
301,-0.4362376,0.7330154,-0.5219053,-0.7159621,-0.6340823,-0.2921267,-0.5450643,0.2462277,0.8014219
304,-0.4362381,0.7330341,-0.5218788,-0.7159423,-0.6340809,-0.2921783,-0.54509,0.2461757,0.8014203
307,-0.4362761,0.7330201,-0.5218667,-0.7158893,-0.6341223,-0.2922182,-0.5451291,0.2461109,0.8014137
310,-0.4363433,0.7329942,-0.5218468,-0.7158254,-0.6341826,-0.2922439,-0.5451592,0.2460325,0.8014172
313,-0.4363162,0.7329995,-0.5218619,-0.7157909,-0.6341883,-0.2923159,-0.5452262,0.2460019,0.8013809
316,-0.4363167,0.7330181,-0.5218353,-0.715771,-0.6341869,-0.2923675,-0.5452518,0.2459498,0.8013794
319,-0.4363542,0.7329855,-0.5218499,-0.7157379,-0.6342296,-0.2923559,-0.5452653,0.245937,0.8013743
322,-0.4363265,0.7329722,-0.5218916,-0.7157233,-0.6342366,-0.2923764,-0.5453066,0.2459584,0.8013396
325,-0.4363364,0.7329264,-0.5219479,-0.7156757,-0.6342864,-0.2923853,-0.5453613,0.245967,0.8012999
328,-0.4363368,0.732945,-0.5219213,-0.7156559,-0.634285,-0.2924369,-0.545387,0.245915,0.8012984
331,-0.4363468,0.732899,-0.5219775,-0.7156081,-0.6343348,-0.2924457,-0.5454416,0.2459235,0.8012583
334,-0.4363472,0.7329177,-0.5219509,-0.7155882,-0.6343334,-0.2924973,-0.5454673,0.2458716,0.8012568
337,-0.4364416,0.7328864,-0.5219159,-0.7155587,-0.634388,-0.2924508,-0.5454304,0.2458237,0.8012965
340,-0.4364421,0.732905,-0.5218893,-0.7155389,-0.6343867,-0.2925024,-0.5454561,0.2457717,0.801295
343,-0.4364702,0.732937,-0.521821,-0.7155337,-0.6343782,-0.2925335,-0.5454406,0.2456983,0.8013285
346,-0.4365275,0.7329571,-0.5217448,-0.7155175,-0.6343887,-0.2925502,-0.5454158,0.2456113,0.8013718
349,-0.4365656,0.7329429,-0.5217327,-0.7154645,-0.6344301,-0.2925902,-0.5454549,0.2455465,0.8013649
352,-0.4365661,0.7329616,-0.5217062,-0.7154446,-0.6344287,-0.2926418,-0.5454805,0.2454945,0.8013634
355,-0.4366332,0.7329357,-0.5216863,-0.7153808,-0.6344889,-0.2926674,-0.5455106,0.245416,0.8013671
358,-0.4366614,0.7329676,-0.5216179,-0.7153755,-0.6344805,-0.2926985,-0.5454949,0.2453426,0.8014001
361,-0.4366618,0.7329862,-0.5215914,-0.7153556,-0.634479,-0.29275,-0.5455206,0.2452906,0.8013986
364,-0.4366998,0.7329723,-0.5215794,-0.7153027,-0.6345204,-0.29279,-0.5455597,0.2452258,0.801392
367,-0.4367295,0.732979,-0.5215451,-0.7152719,-0.6345379,-0.2928273,-0.5455763,0.2451602,0.8014008
370,-0.4367957,0.7329968,-0.5214646,-0.7152137,-0.6345707,-0.2928983,-0.5455997,0.2450219,0.8014271
373,-0.436853,0.7330167,-0.5213885,-0.7151974,-0.6345813,-0.2929151,-0.545575,0.2449349,0.8014705
376,-0.436891,0.7330027,-0.5213763,-0.7151445,-0.6346225,-0.292955,-0.545614,0.24487,0.8014636
379,-0.4369192,0.7330346,-0.521308,-0.7151392,-0.6346141,-0.2929861,-0.5455983,0.2447965,0.8014968
383,-0.4369765,0.7330545,-0.5212319,-0.7151231,-0.6346245,-0.2930029,-0.5455736,0.2447096,0.8015401
386,-0.4370046,0.7330863,-0.5211635,-0.7151179,-0.6346161,-0.293034,-0.545558,0.2446361,0.8015733
389,-0.4370619,0.7331063,-0.5210874,-0.7151017,-0.6346266,-0.2930507,-0.5455332,0.2445491,0.8016167
392,-0.43709,0.7331381,-0.521019,-0.7150964,-0.6346181,-0.2930818,-0.5455176,0.2444757,0.8016497
395,-0.4371849,0.7331254,-0.5209574,-0.7150471,-0.6346713,-0.293087,-0.5455062,0.2443758,0.8016879
398,-0.4372135,0.7331758,-0.5208624,-0.715022,-0.6346614,-0.2931696,-0.5455161,0.2442503,0.8017193
401,-0.437214,0.7331944,-0.5208358,-0.7150022,-0.6346599,-0.2932212,-0.5455418,0.2441983,0.8017178
404,-0.4372708,0.7331957,-0.5207862,-0.7150059,-0.6346718,-0.2931864,-0.5454914,0.2441633,0.8017627
407,-0.4372985,0.7332089,-0.5207444,-0.7150205,-0.6346648,-0.293166,-0.5454501,0.2441419,0.8017974
410,-0.4372989,0.7332275,-0.5207179,-0.7150007,-0.6346633,-0.2932175,-0.5454757,0.2440899,0.8017958
413,-0.4373271,0.7332592,-0.5206494,-0.7149953,-0.6346549,-0.2932486,-0.5454599,0.2440164,0.8018286
416,-0.4373271,0.7332592,-0.5206494,-0.7149953,-0.6346549,-0.2932486,-0.5454599,0.2440164,0.8018286
419,-0.4373552,0.733291,-0.5205811,-0.7149902,-0.6346464,-0.2932797,-0.5454443,0.243943,0.8018618
422,-0.4373843,0.7332792,-0.5205733,-0.7149793,-0.6346653,-0.2932654,-0.5454352,0.2439294,0.8018722
425,-0.4373843,0.7332792,-0.5205733,-0.7149793,-0.6346653,-0.2932654,-0.5454352,0.2439294,0.8018722
428,-0.437412,0.7332923,-0.5205315,-0.7149938,-0.6346583,-0.2932449,-0.5453939,0.243908,0.8019066
431,-0.4373453,0.7333369,-0.5205247,-0.7150379,-0.6345967,-0.2932707,-0.5453896,0.2439344,0.8019016
434,-0.437412,0.7332923,-0.5205315,-0.7149938,-0.6346583,-0.2932449,-0.5453939,0.243908,0.8019066
437,-0.4373739,0.7333065,-0.5205436,-0.7150469,-0.634617,-0.2932049,-0.545355,0.2439729,0.8019136
440,-0.4374115,0.7332737,-0.5205581,-0.7150137,-0.6346598,-0.2931933,-0.5453683,0.24396,0.8019082
443,-0.437412,0.7332923,-0.5205315,-0.7149938,-0.6346583,-0.2932449,-0.5453939,0.243908,0.8019066
446,-0.437412,0.7332923,-0.5205315,-0.7149938,-0.6346583,-0.2932449,-0.5453939,0.243908,0.8019066
449,-0.4374501,0.7332782,-0.5205194,-0.7149408,-0.6346996,-0.2932849,-0.5454329,0.2438431,0.8018998
452,-0.4375072,0.7332982,-0.5204433,-0.7149248,-0.63471,-0.2933017,-0.5454082,0.2437561,0.8019434
455,-0.4374792,0.7332664,-0.5205116,-0.7149299,-0.6347185,-0.2932706,-0.5454238,0.2438296,0.8019102
458,-0.4374792,0.7332664,-0.5205116,-0.7149299,-0.6347185,-0.2932706,-0.5454238,0.2438296,0.8019102
461,-0.4374787,0.7332479,-0.5205383,-0.7149498,-0.6347199,-0.293219,-0.5453982,0.2438816,0.801912
464,-0.4374495,0.7332597,-0.520546,-0.7149608,-0.634701,-0.2932333,-0.5454073,0.2438952,0.8019016
467,-0.4374209,0.7332093,-0.5206409,-0.7149857,-0.634711,-0.2931507,-0.5453973,0.2440207,0.8018699
470,-0.4374209,0.7332093,-0.5206409,-0.7149857,-0.634711,-0.2931507,-0.5453973,0.2440207,0.8018699
473,-0.4373928,0.7331776,-0.5207094,-0.714991,-0.6347194,-0.2931196,-0.5454131,0.2440941,0.8018371
476,-0.4373261,0.7332221,-0.5207026,-0.7150351,-0.6346578,-0.2931455,-0.5454087,0.2441205,0.8018319
481,-0.4373261,0.7332221,-0.5207026,-0.7150351,-0.6346578,-0.2931455,-0.5454087,0.2441205,0.8018319
484,-0.4373365,0.7331948,-0.5207323,-0.7149674,-0.6347061,-0.2932059,-0.545489,0.244077,0.8017905
487,-0.4372985,0.7332089,-0.5207444,-0.7150205,-0.6346648,-0.293166,-0.5454501,0.2441419,0.8017974
490,-0.4373641,0.7332079,-0.5206905,-0.7149821,-0.634699,-0.2931855,-0.5454477,0.2440556,0.801825
493,-0.4373933,0.7331961,-0.5206828,-0.7149712,-0.6347179,-0.2931711,-0.5454386,0.2440421,0.8018354
496,-0.4373933,0.7331961,-0.5206828,-0.7149712,-0.6347179,-0.2931711,-0.5454386,0.2440421,0.8018354
499,-0.4374032,0.7331502,-0.5207391,-0.7149234,-0.6347677,-0.29318,-0.5454934,0.2440507,0.8017956
502,-0.4373657,0.7331829,-0.5207246,-0.7149565,-0.634725,-0.2931916,-0.54548,0.2440635,0.8018007
505,-0.4374032,0.7331502,-0.5207391,-0.7149234,-0.6347677,-0.29318,-0.5454934,0.2440507,0.8017956
508,-0.4373661,0.7332015,-0.520698,-0.7149367,-0.6347235,-0.2932432,-0.5455056,0.2440115,0.8017992
511,-0.4373661,0.7332015,-0.520698,-0.7149367,-0.6347235,-0.2932432,-0.5455056,0.2440115,0.8017992
514,-0.4373942,0.7332333,-0.5206296,-0.7149315,-0.634715,-0.2932743,-0.54549,0.243938,0.8018324
517,-0.4374599,0.7332324,-0.5205758,-0.7148931,-0.6347492,-0.2932938,-0.5454876,0.2438517,0.8018602
520,-0.4375271,0.7332064,-0.5205559,-0.7148291,-0.6348094,-0.2933195,-0.5455175,0.2437733,0.8018636
523,-0.4375276,0.7332249,-0.5205293,-0.7148092,-0.6348079,-0.2933711,-0.5455431,0.2437212,0.8018618
526,-0.4375276,0.7332249,-0.5205293,-0.7148092,-0.6348079,-0.2933711,-0.5455431,0.2437212,0.8018618
529,-0.4375652,0.7331922,-0.5205438,-0.714776,-0.6348507,-0.2933595,-0.5455564,0.2437083,0.8018567
532,-0.437538,0.7331977,-0.520559,-0.7147416,-0.6348562,-0.2934316,-0.5456234,0.2436777,0.8018207
535,-0.4375756,0.7331649,-0.5205735,-0.7147084,-0.6348989,-0.29342,-0.5456368,0.2436649,0.8018153
538,-0.4376052,0.7331716,-0.5205392,-0.7146776,-0.6349163,-0.2934572,-0.5456533,0.2435993,0.801824
541,-0.4376428,0.7331389,-0.5205536,-0.7146444,-0.634959,-0.2934456,-0.5456666,0.2435864,0.8018187
544,-0.4376428,0.7331389,-0.5205536,-0.7146444,-0.634959,-0.2934456,-0.5456666,0.2435864,0.8018187
547,-0.4376428,0.7331389,-0.5205536,-0.7146444,-0.634959,-0.2934456,-0.5456666,0.2435864,0.8018187
550,-0.4377094,0.7330943,-0.5205604,-0.7146004,-0.6350206,-0.2934198,-0.545671,0.24356,0.801824
553,-0.4376526,0.7330931,-0.52061,-0.7145967,-0.6350087,-0.2934546,-0.5457214,0.243595,0.8017792
556,-0.4376901,0.7330604,-0.5206245,-0.7145635,-0.6350514,-0.293443,-0.5457348,0.2435821,0.8017741
559,-0.4376621,0.7330286,-0.5206928,-0.7145687,-0.6350599,-0.2934119,-0.5457504,0.2436556,0.8017409
562,-0.4376621,0.7330286,-0.5206928,-0.7145687,-0.6350599,-0.2934119,-0.5457504,0.2436556,0.8017409
565,-0.4376333,0.7329783,-0.5207878,-0.7145938,-0.6350698,-0.2933292,-0.5457405,0.2437811,0.8017095
568,-0.4376333,0.7329783,-0.5207878,-0.7145938,-0.6350698,-0.2933292,-0.5457405,0.2437811,0.8017095
571,-0.4376052,0.7329464,-0.5208562,-0.714599,-0.6350783,-0.2932981,-0.5457563,0.2438546,0.8016763
574,-0.4376052,0.7329464,-0.5208562,-0.714599,-0.6350783,-0.2932981,-0.5457563,0.2438546,0.8016763
578,-0.4375761,0.7329583,-0.520864,-0.7146099,-0.6350594,-0.2933124,-0.5457653,0.2438681,0.8016661
581,-0.4376057,0.7329651,-0.5208296,-0.7145792,-0.6350768,-0.2933497,-0.5457819,0.2438025,0.8016748
584,-0.4376432,0.7329323,-0.5208441,-0.714546,-0.6351195,-0.2933381,-0.5457952,0.2437896,0.8016695
587,-0.4376437,0.7329509,-0.5208175,-0.7145261,-0.6351181,-0.2933896,-0.5458208,0.2437376,0.8016679
590,-0.4377104,0.7329064,-0.5208243,-0.7144821,-0.6351796,-0.2933638,-0.5458252,0.2437112,0.8016733
593,-0.4377109,0.7329249,-0.5207977,-0.7144621,-0.6351782,-0.2934153,-0.5458508,0.2436591,0.8016715
596,-0.4377761,0.7329054,-0.5207704,-0.7144436,-0.6352139,-0.2933833,-0.5458228,0.2436249,0.8017011
599,-0.4377766,0.7329239,-0.5207438,-0.7144237,-0.6352124,-0.2934349,-0.5458484,0.2435728,0.8016993
602,-0.4378062,0.7329307,-0.5207095,-0.7143929,-0.6352298,-0.2934721,-0.5458649,0.2435073,0.801708
605,-0.4378443,0.7329164,-0.5206974,-0.7143397,-0.635271,-0.2935121,-0.5459038,0.2434423,0.801701
608,-0.4378448,0.7329351,-0.5206708,-0.7143199,-0.6352695,-0.2935637,-0.5459294,0.2433902,0.8016997
611,-0.4379391,0.7329036,-0.5206357,-0.7142904,-0.6353241,-0.2935174,-0.5458924,0.2433424,0.8017393
614,-0.4379771,0.7328895,-0.5206237,-0.7142374,-0.6353653,-0.2935573,-0.5459313,0.2432775,0.8017325
617,-0.4380067,0.7328962,-0.5205894,-0.7142066,-0.6353827,-0.2935946,-0.5459478,0.2432119,0.8017412
620,-0.4380349,0.7329279,-0.520521,-0.7142013,-0.6353742,-0.2936257,-0.5459321,0.2431385,0.8017741
623,-0.4380725,0.7328951,-0.5205354,-0.7141681,-0.6354169,-0.2936141,-0.5459454,0.2431256,0.8017688
626,-0.4381021,0.7329019,-0.5205012,-0.7141374,-0.6354343,-0.2936514,-0.545962,0.24306,0.8017777
629,-0.4381672,0.7328823,-0.5204738,-0.7141188,-0.6354699,-0.2936194,-0.5459339,0.2430257,0.8018072
632,-0.4382047,0.7328497,-0.5204883,-0.7140856,-0.6355126,-0.2936079,-0.5459473,0.2430128,0.8018021
635,-0.4382344,0.7328562,-0.520454,-0.7140548,-0.63553,-0.2936451,-0.5459638,0.2429473,0.8018106
638,-0.4382995,0.7328367,-0.5204266,-0.7140362,-0.6355656,-0.2936131,-0.5459358,0.242913,0.80184
641,-0.4383272,0.7328498,-0.5203848,-0.7140508,-0.6355587,-0.2935927,-0.5458944,0.2428915,0.8018746
644,-0.4383,0.7328553,-0.5204001,-0.7140164,-0.6355641,-0.2936647,-0.5459613,0.2428609,0.8018385
647,-0.4383193,0.7328892,-0.520336,-0.7140532,-0.6355333,-0.2936415,-0.5458976,0.2428389,0.8018885
650,-0.4383845,0.7328696,-0.5203087,-0.7140346,-0.635569,-0.2936095,-0.5458696,0.2428046,0.8019179
653,-0.4383845,0.7328696,-0.5203087,-0.7140346,-0.635569,-0.2936095,-0.5458696,0.2428046,0.8019179
656,-0.438385,0.7328882,-0.5202821,-0.7140148,-0.6355675,-0.2936611,-0.5458952,0.2427525,0.8019163
659,-0.4384417,0.7328895,-0.5202326,-0.7140185,-0.6355793,-0.2936264,-0.5458448,0.2427176,0.8019613
662,-0.4384699,0.7329212,-0.5201641,-0.7140132,-0.6355709,-0.2936575,-0.5458289,0.2426441,0.8019942
665,-0.4384699,0.7329212,-0.5201641,-0.7140132,-0.6355709,-0.2936575,-0.5458289,0.2426441,0.8019942
668,-0.438498,0.7329529,-0.5200957,-0.714008,-0.6355624,-0.2936886,-0.5458132,0.2425706,0.8020271
671,-0.4385924,0.7329214,-0.5200605,-0.7139785,-0.635617,-0.2936423,-0.545776,0.2425228,0.8020667
676,-0.4385929,0.7329399,-0.520034,-0.7139586,-0.6356154,-0.2936939,-0.5458016,0.2424707,0.8020651
679,-0.4385929,0.7329399,-0.520034,-0.7139586,-0.6356154,-0.2936939,-0.5458016,0.2424707,0.8020651
682,-0.4386298,0.7328887,-0.5200751,-0.7139453,-0.6356596,-0.2936308,-0.5457894,0.2425099,0.8020617
685,-0.4386022,0.7328755,-0.5201169,-0.7139306,-0.6356666,-0.2936512,-0.5458307,0.2425313,0.802027
688,-0.4386022,0.7328755,-0.5201169,-0.7139306,-0.6356666,-0.2936512,-0.5458307,0.2425313,0.802027
691,-0.4386022,0.7328755,-0.5201169,-0.7139306,-0.6356666,-0.2936512,-0.5458307,0.2425313,0.802027
694,-0.4386022,0.7328755,-0.5201169,-0.7139306,-0.6356666,-0.2936512,-0.5458307,0.2425313,0.802027
697,-0.4386594,0.7328953,-0.5200408,-0.7139145,-0.635677,-0.293668,-0.5458059,0.2424444,0.8020703
700,-0.438697,0.7328626,-0.5200552,-0.7138813,-0.6357196,-0.2936565,-0.5458192,0.2424315,0.8020652
703,-0.4386975,0.7328811,-0.5200287,-0.7138613,-0.6357181,-0.293708,-0.5458447,0.2423794,0.8020634
706,-0.438735,0.7328484,-0.5200432,-0.7138281,-0.6357608,-0.2936965,-0.5458581,0.2423665,0.8020583
709,-0.4387345,0.7328298,-0.5200697,-0.713848,-0.6357623,-0.2936449,-0.5458325,0.2424186,0.8020599
712,-0.4387636,0.7328179,-0.5200619,-0.713837,-0.6357812,-0.2936306,-0.5458233,0.2424051,0.8020701
715,-0.4387636,0.7328179,-0.5200619,-0.713837,-0.6357812,-0.2936306,-0.5458233,0.2424051,0.8020701
718,-0.4387912,0.7328311,-0.5200201,-0.7138517,-0.6357742,-0.2936102,-0.545782,0.2423837,0.8021048
721,-0.4387918,0.7328495,-0.5199935,-0.7138318,-0.6357727,-0.2936617,-0.5458075,0.2423316,0.8021031
724,-0.438886,0.732818,-0.5199584,-0.7138022,-0.6358272,-0.2936155,-0.5457704,0.2422838,0.8021427
727,-0.4389517,0.732817,-0.5199045,-0.7137638,-0.6358613,-0.2936351,-0.545768,0.2421974,0.8021706
730,-0.4390089,0.7328367,-0.5198283,-0.7137476,-0.6358717,-0.2936519,-0.545743,0.2421104,0.8022138
733,-0.439047,0.7328225,-0.5198162,-0.7136945,-0.6359128,-0.2936919,-0.5457819,0.2420454,0.8022071
736,-0.4391042,0.7328423,-0.51974,-0.7136784,-0.6359232,-0.2937088,-0.545757,0.2419585,0.8022503
739,-0.4391036,0.7328238,-0.5197666,-0.7136983,-0.6359247,-0.2936572,-0.5457315,0.2420106,0.8022521
742,-0.4391313,0.7328369,-0.5197247,-0.7137129,-0.6359177,-0.2936368,-0.5456901,0.2419891,0.8022865
745,-0.4391313,0.7328369,-0.5197247,-0.7137129,-0.6359177,-0.2936368,-0.5456901,0.2419891,0.8022865
748,-0.4391215,0.7328827,-0.5196683,-0.7137607,-0.6358681,-0.2936279,-0.5456353,0.2419806,0.8023262
751,-0.4391496,0.7329144,-0.5196,-0.7137555,-0.6358596,-0.2936591,-0.5456196,0.2419071,0.8023592
754,-0.4391791,0.7329211,-0.5195657,-0.7137248,-0.6358769,-0.2936964,-0.5456361,0.2418415,0.8023679
757,-0.4392073,0.7329527,-0.5194972,-0.7137195,-0.6358684,-0.2937275,-0.5456202,0.241768,0.8024008
760,-0.4392354,0.7329843,-0.5194288,-0.7137143,-0.6358599,-0.2937587,-0.5456045,0.2416945,0.8024337
763,-0.4392354,0.7329843,-0.5194288,-0.7137143,-0.6358599,-0.2937587,-0.5456045,0.2416945,0.8024337
766,-0.4392626,0.7329789,-0.5194134,-0.7137488,-0.6358544,-0.2936866,-0.5455374,0.2417251,0.8024697
769,-0.4393104,0.7330629,-0.5192543,-0.7137606,-0.6358137,-0.2937461,-0.5454834,0.2415775,0.8025509
773,-0.4393662,0.7331077,-0.519144,-0.71377,-0.6357981,-0.2937569,-0.5454262,0.2414826,0.8026185
776,-0.4394234,0.7331274,-0.5190678,-0.7137538,-0.6358085,-0.2937737,-0.5454012,0.2413956,0.8026615
779,-0.4394796,0.7331906,-0.5189308,-0.7137434,-0.6357914,-0.293836,-0.5453695,0.2412485,0.8027274
782,-0.4395645,0.7332233,-0.5188127,-0.7137419,-0.6357948,-0.2938324,-0.5453032,0.2411401,0.802805
785,-0.4396493,0.733256,-0.5186946,-0.7137403,-0.6357982,-0.2938288,-0.5452368,0.2410316,0.8028826
788,-0.4396399,0.7333204,-0.5186116,-0.7137684,-0.635747,-0.2938715,-0.5452077,0.240971,0.8029206
791,-0.4397622,0.7333204,-0.518508,-0.7137337,-0.635793,-0.2938564,-0.5451546,0.2408496,0.8029932
794,-0.4397903,0.7333519,-0.5184394,-0.7137284,-0.6357844,-0.2938875,-0.5451387,0.240776,0.8030259
797,-0.4398204,0.7333769,-0.5183786,-0.7136778,-0.6358002,-0.2939765,-0.5451807,0.2406584,0.8030327
800,-0.4398867,0.7333941,-0.5182979,-0.7136194,-0.6358327,-0.2940476,-0.5452036,0.2405199,0.8030586
803,-0.4399148,0.7334257,-0.5182295,-0.7136143,-0.6358241,-0.2940788,-0.5451878,0.2404463,0.8030915
806,-0.4399444,0.7334321,-0.5181951,-0.7135834,-0.6358414,-0.2941161,-0.5452041,0.2403808,0.8030998
809,-0.4399824,0.7334179,-0.5181831,-0.7135304,-0.6358825,-0.2941562,-0.545243,0.2403158,0.8030932
812,-0.4399831,0.7334362,-0.5181565,-0.7135105,-0.6358809,-0.2942078,-0.5452685,0.2402637,0.8030912
815,-0.440021,0.733422,-0.5181444,-0.7134574,-0.635922,-0.2942479,-0.5453073,0.2401987,0.8030844
818,-0.4400876,0.7333773,-0.5181512,-0.7134132,-0.6359835,-0.2942221,-0.5453115,0.2401724,0.8030897
821,-0.4400882,0.7333957,-0.5181245,-0.7133933,-0.6359819,-0.2942736,-0.5453369,0.2401202,0.8030877
824,-0.4401257,0.733363,-0.5181391,-0.7133601,-0.6360245,-0.2942622,-0.5453502,0.2401073,0.8030826
827,-0.4401257,0.733363,-0.5181391,-0.7133601,-0.6360245,-0.2942622,-0.5453502,0.2401073,0.8030826
830,-0.4400976,0.7333314,-0.5182076,-0.7133652,-0.6360332,-0.294231,-0.545366,0.2401809,0.8030497
833,-0.4400976,0.7333314,-0.5182076,-0.7133652,-0.6360332,-0.294231,-0.545366,0.2401809,0.8030497
836,-0.4400981,0.7333499,-0.518181,-0.7133453,-0.6360315,-0.2942826,-0.5453916,0.2401288,0.803048
839,-0.4401081,0.733304,-0.5182375,-0.7132975,-0.6360812,-0.2942916,-0.5454463,0.2401374,0.8030084
842,-0.4401081,0.733304,-0.5182375,-0.7132975,-0.6360812,-0.2942916,-0.5454463,0.2401374,0.8030084
845,-0.4400806,0.733291,-0.5182793,-0.7132828,-0.6360881,-0.2943119,-0.5454876,0.2401588,0.8029737
848,-0.4401186,0.7332767,-0.5182673,-0.7132297,-0.6361291,-0.2943521,-0.5455264,0.2400938,0.802967
851,-0.4401857,0.7332503,-0.5182475,-0.7131656,-0.6361891,-0.2943778,-0.5455561,0.2400153,0.8029702
854,-0.4401857,0.7332503,-0.5182475,-0.7131656,-0.6361891,-0.2943778,-0.5455561,0.2400153,0.8029702
857,-0.4401572,0.7332807,-0.5182286,-0.7131566,-0.6361686,-0.2944437,-0.5455907,0.2399767,0.8029582
860,-0.4401296,0.7332677,-0.5182706,-0.713142,-0.6361755,-0.2944641,-0.5456321,0.2399981,0.8029237
863,-0.4401291,0.7332492,-0.5182971,-0.7131618,-0.6361772,-0.2944125,-0.5456066,0.2400502,0.8029255
866,-0.440139,0.7332034,-0.5183536,-0.713114,-0.6362268,-0.2944215,-0.5456613,0.2400588,0.8028858
871,-0.4400832,0.7331588,-0.518464,-0.7131045,-0.6362423,-0.2944107,-0.5457186,0.2401538,0.8028184
874,-0.440026,0.7331393,-0.5185403,-0.7131207,-0.636232,-0.2943939,-0.5457436,0.2402408,0.8027754
877,-0.4399703,0.7330946,-0.5186507,-0.7131112,-0.6362476,-0.2943831,-0.5458009,0.2403358,0.802708
880,-0.439913,0.7330751,-0.5187268,-0.7131274,-0.6362373,-0.2943662,-0.5458259,0.2404228,0.8026651
883,-0.4399136,0.7330935,-0.5187003,-0.7131075,-0.6362357,-0.2944178,-0.5458514,0.2403707,0.8026633
886,-0.4398859,0.7330804,-0.5187422,-0.7130929,-0.6362427,-0.2944382,-0.5458928,0.2403921,0.8026286
889,-0.4399235,0.7330476,-0.5187567,-0.7130595,-0.6362853,-0.2944267,-0.545906,0.2403792,0.8026234
892,-0.4399052,0.7329702,-0.5188816,-0.7130168,-0.6363435,-0.2944044,-0.5459766,0.2404613,0.802551
895,-0.439877,0.7329387,-0.51895,-0.7130221,-0.636352,-0.2943732,-0.5459924,0.2405348,0.8025181
898,-0.4398198,0.732919,-0.5190262,-0.7130382,-0.6363418,-0.2943563,-0.5460173,0.2406218,0.8024749
901,-0.439764,0.7328743,-0.5191365,-0.7130288,-0.6363573,-0.2943456,-0.5460746,0.2407168,0.8024074
904,-0.4397067,0.7328547,-0.5192128,-0.713045,-0.636347,-0.2943287,-0.5460997,0.2408037,0.8023645
907,-0.4396785,0.7328231,-0.5192812,-0.7130502,-0.6363555,-0.2942975,-0.5461155,0.2408773,0.8023316
910,-0.4395937,0.7327904,-0.5193993,-0.7130517,-0.6363522,-0.294301,-0.5461819,0.2409857,0.8022539
913,-0.4395655,0.7327588,-0.5194677,-0.7130569,-0.6363608,-0.2942699,-0.5461977,0.2410592,0.8022209
916,-0.4395472,0.7326813,-0.5195926,-0.7130142,-0.6364189,-0.2942476,-0.5462682,0.2411412,0.8021483
919,-0.4395184,0.7326312,-0.5196875,-0.7130394,-0.636429,-0.2941648,-0.5462585,0.2412668,0.8021172
922,-0.4394612,0.7326114,-0.5197637,-0.7130555,-0.6364188,-0.2941479,-0.5462835,0.2413538,0.802074
925,-0.4393757,0.7325602,-0.5199083,-0.713077,-0.6364169,-0.2940999,-0.5463243,0.2415143,0.8019981
928,-0.4393199,0.7325154,-0.5200186,-0.7130676,-0.6364325,-0.2940891,-0.5463815,0.2416092,0.8019305
931,-0.4392911,0.7324652,-0.5201135,-0.7130927,-0.6364425,-0.2940063,-0.5463718,0.2417348,0.8018993
934,-0.4392062,0.7324323,-0.5202315,-0.7130942,-0.6364392,-0.2940098,-0.546438,0.2418431,0.8018214
937,-0.4392057,0.7324138,-0.5202581,-0.7131141,-0.6364408,-0.2939583,-0.5464125,0.2418952,0.8018231
940,-0.4391203,0.7323623,-0.5204026,-0.7131355,-0.636439,-0.2939102,-0.5464532,0.2420556,0.8017468
943,-0.439025,0.7323567,-0.5204908,-0.7132049,-0.6363875,-0.2938533,-0.5464393,0.2422076,0.8017104
946,-0.4389968,0.732325,-0.5205591,-0.7132101,-0.6363961,-0.2938221,-0.5464551,0.2422811,0.8016774
949,-0.438939,0.7322868,-0.5206618,-0.7132462,-0.6363872,-0.2937537,-0.5464545,0.2424201,0.801636
952,-0.4388831,0.7322418,-0.520772,-0.7132367,-0.6364027,-0.2937429,-0.5465115,0.242515,0.8015682
955,-0.4388826,0.7322233,-0.5207986,-0.7132567,-0.6364042,-0.2936913,-0.546486,0.242567,0.8015699
958,-0.4388253,0.7322035,-0.5208747,-0.7132729,-0.6363938,-0.2936745,-0.5465109,0.242654,0.8015267
961,-0.4387971,0.7321717,-0.520943,-0.7132781,-0.6364024,-0.2936433,-0.5465267,0.2427274,0.8014935
964,-0.4387971,0.7321717,-0.520943,-0.7132781,-0.6364024,-0.2936433,-0.5465267,0.2427274,0.8014935
968,-0.4387966,0.7321532,-0.5209696,-0.713298,-0.6364039,-0.2935917,-0.5465012,0.2427795,0.8014953
971,-0.438796,0.7321346,-0.5209961,-0.7133179,-0.6364053,-0.2935401,-0.5464756,0.2428316,0.8014968
974,-0.4387586,0.7321674,-0.5209816,-0.7133512,-0.6363627,-0.2935517,-0.5464622,0.2428445,0.8015021
977,-0.4387581,0.7321487,-0.5210081,-0.713371,-0.6363642,-0.2935001,-0.5464367,0.2428966,0.8015035
980,-0.4387586,0.7321674,-0.5209816,-0.7133512,-0.6363627,-0.2935517,-0.5464622,0.2428445,0.8015021
983,-0.4387858,0.7321619,-0.5209663,-0.7133856,-0.6363572,-0.2934797,-0.5463953,0.2428752,0.8015383
986,-0.4387576,0.7321302,-0.5210347,-0.7133909,-0.6363657,-0.2934486,-0.5464112,0.2429487,0.8015053
989,-0.4387576,0.7321302,-0.5210347,-0.7133909,-0.6363657,-0.2934486,-0.5464112,0.2429487,0.8015053
992,-0.438757,0.7321117,-0.5210612,-0.7134109,-0.6363671,-0.293397,-0.5463856,0.2430007,0.8015071
995,-0.4387847,0.7321249,-0.5210194,-0.7134255,-0.6363602,-0.2933766,-0.5463443,0.2429793,0.8015418
998,-0.4387473,0.7321576,-0.5210049,-0.7134587,-0.6363176,-0.2933881,-0.5463309,0.2429922,0.8015468
1001,-0.4387744,0.7321522,-0.5209896,-0.7134932,-0.636312,-0.2933162,-0.546264,0.2430229,0.8015831
1004,-0.4388303,0.7321972,-0.5208794,-0.7135027,-0.6362965,-0.2933269,-0.546207,0.2429281,0.8016509
1007,-0.438887,0.7321985,-0.5208298,-0.7135064,-0.6363084,-0.2932922,-0.5461565,0.2428932,0.8016959
1010,-0.4388875,0.732217,-0.5208033,-0.7134865,-0.6363069,-0.2933438,-0.546182,0.2428411,0.8016941
1013,-0.4389152,0.7322301,-0.5207614,-0.7135011,-0.6363,-0.2933234,-0.5461407,0.2428197,0.8017288
1016,-0.4389424,0.7322247,-0.5207462,-0.7135355,-0.6362944,-0.2932514,-0.5460738,0.2428504,0.801765
1019,-0.4389715,0.7322128,-0.5207384,-0.7135246,-0.6363133,-0.2932371,-0.5460647,0.2428369,0.8017753
1022,-0.4389617,0.7322587,-0.520682,-0.7135725,-0.6362637,-0.2932282,-0.54601,0.2428284,0.801815
1025,-0.4390273,0.7322577,-0.5206282,-0.7135341,-0.6362978,-0.2932478,-0.5460076,0.2427421,0.8018429
1028,-0.4390466,0.7322917,-0.520564,-0.713571,-0.6362671,-0.2932247,-0.5459437,0.2427201,0.8018929
1031,-0.4390742,0.7323049,-0.5205222,-0.7135856,-0.6362601,-0.2932043,-0.5459024,0.2426987,0.8019276
1034,-0.4391591,0.7323379,-0.5204042,-0.713584,-0.6362634,-0.2932007,-0.5458362,0.2425904,0.8020055
1037,-0.4391873,0.7323695,-0.5203358,-0.7135788,-0.636255,-0.2932318,-0.5458203,0.2425168,0.8020384
1040,-0.4392149,0.7323827,-0.5202939,-0.7135934,-0.636248,-0.2932115,-0.5457789,0.2424955,0.8020729
1043,-0.4392717,0.732384,-0.5202443,-0.7135971,-0.6362599,-0.2931767,-0.5457285,0.2424606,0.8021179
1046,-0.4392327,0.7324418,-0.5201958,-0.7136559,-0.6361914,-0.2931822,-0.545683,0.2424656,0.8021475
1049,-0.4392599,0.7324364,-0.5201804,-0.7136904,-0.6361859,-0.2931102,-0.545616,0.2424962,0.8021837
1052,-0.4392889,0.7324245,-0.5201727,-0.7136794,-0.6362048,-0.2930959,-0.5456069,0.2424828,0.8021941
1055,-0.4392514,0.7324573,-0.5201582,-0.7137128,-0.6361621,-0.2931074,-0.5455936,0.2424956,0.8021993
1058,-0.4392224,0.7324691,-0.5201659,-0.7137236,-0.6361433,-0.2931217,-0.5456026,0.2425091,0.8021888
1061,-0.4392786,0.7324519,-0.5201428,-0.7137471,-0.6361566,-0.2930354,-0.5455266,0.2425263,0.8022353
1066,-0.4392786,0.7324519,-0.5201428,-0.7137471,-0.6361566,-0.2930354,-0.5455266,0.2425263,0.8022353
1069,-0.439249,0.7324452,-0.5201771,-0.713778,-0.6361392,-0.2929981,-0.5455101,0.2425919,0.8022268
1072,-0.4392208,0.7324136,-0.5202456,-0.7137832,-0.6361477,-0.2929669,-0.545526,0.2426654,0.8021938
1075,-0.4391828,0.7324278,-0.5202576,-0.7138363,-0.6361066,-0.2929269,-0.5454871,0.2427303,0.8022006
1078,-0.4391157,0.7324539,-0.5202774,-0.7139004,-0.6360465,-0.2929012,-0.5454573,0.2428088,0.8021972
1081,-0.4390209,0.7324669,-0.5203393,-0.7139499,-0.6359934,-0.2928959,-0.5454689,0.2429086,0.8021592
1084,-0.4389835,0.7324997,-0.5203247,-0.7139831,-0.6359508,-0.2929075,-0.5454555,0.2429215,0.8021643
1087,-0.4389835,0.7324997,-0.5203247,-0.7139831,-0.6359508,-0.2929075,-0.5454555,0.2429215,0.8021643
1090,-0.4389835,0.7324997,-0.5203247,-0.7139831,-0.6359508,-0.2929075,-0.5454555,0.2429215,0.8021643
1093,-0.4389835,0.7324997,-0.5203247,-0.7139831,-0.6359508,-0.2929075,-0.5454555,0.2429215,0.8021643
1096,-0.4389455,0.7325138,-0.5203367,-0.714036,-0.6359097,-0.2928674,-0.5454166,0.2429864,0.8021708
1099,-0.4388887,0.7325126,-0.5203864,-0.7140325,-0.6358977,-0.2929022,-0.5454671,0.2430213,0.8021261
1102,-0.4388887,0.7325126,-0.5203864,-0.7140325,-0.6358977,-0.2929022,-0.5454671,0.2430213,0.8021261
1105,-0.4388606,0.7324808,-0.5204548,-0.7140377,-0.6359062,-0.292871,-0.5454828,0.2430948,0.8020929
1108,-0.438794,0.7325255,-0.5204481,-0.7140818,-0.6358447,-0.2928969,-0.5454786,0.2431212,0.8020879
1111,-0.438794,0.7325255,-0.5204481,-0.7140818,-0.6358447,-0.2928969,-0.5454786,0.2431212,0.8020879
1114,-0.438794,0.7325255,-0.5204481,-0.7140818,-0.6358447,-0.2928969,-0.5454786,0.2431212,0.8020879
1117,-0.4387944,0.7325441,-0.5204216,-0.714062,-0.6358432,-0.2929485,-0.5455042,0.2430691,0.8020864
1120,-0.4387668,0.7325309,-0.5204634,-0.7140474,-0.6358502,-0.292969,-0.5455456,0.2430905,0.8020517
1123,-0.4387668,0.7325309,-0.5204634,-0.7140474,-0.6358502,-0.292969,-0.5455456,0.2430905,0.8020517
1126,-0.4387668,0.7325309,-0.5204634,-0.7140474,-0.6358502,-0.292969,-0.5455456,0.2430905,0.8020517
1129,-0.4387668,0.7325309,-0.5204634,-0.7140474,-0.6358502,-0.292969,-0.5455456,0.2430905,0.8020517
1132,-0.4387944,0.7325441,-0.5204216,-0.714062,-0.6358432,-0.2929485,-0.5455042,0.2430691,0.8020864
1135,-0.438795,0.7325626,-0.520395,-0.7140421,-0.6358418,-0.293,-0.5455297,0.243017,0.8020846
1138,-0.4388231,0.7325944,-0.5203267,-0.714037,-0.6358333,-0.2930312,-0.545514,0.2429436,0.8021178
1141,-0.4388803,0.7326142,-0.5202504,-0.7140208,-0.6358436,-0.2930481,-0.5454891,0.2428566,0.802161
1144,-0.4388809,0.7326327,-0.5202239,-0.7140009,-0.6358422,-0.2930997,-0.5455147,0.2428045,0.8021594
1147,-0.4389085,0.7326459,-0.5201821,-0.7140155,-0.6358352,-0.2930792,-0.5454733,0.2427831,0.8021939
1150,-0.4389361,0.732659,-0.5201402,-0.7140301,-0.6358282,-0.2930588,-0.545432,0.2427617,0.8022286
1153,-0.4389558,0.7327116,-0.5200495,-0.7140472,-0.635796,-0.2930872,-0.5453938,0.2426876,0.8022768
1156,-0.4390215,0.7327105,-0.5199956,-0.7140087,-0.6358301,-0.2931068,-0.5453913,0.2426012,0.8023048
1159,-0.4390407,0.7327445,-0.5199315,-0.7140456,-0.6357994,-0.2930836,-0.5453275,0.2425792,0.8023548
1163,-0.4390959,0.7327709,-0.5198478,-0.7140749,-0.6357854,-0.2930427,-0.5452448,0.2425364,0.8024241
1166,-0.4391532,0.7327906,-0.5197716,-0.7140588,-0.6357958,-0.2930596,-0.5452198,0.2424494,0.8024673
1169,-0.4391808,0.7328037,-0.5197297,-0.7140733,-0.6357888,-0.2930391,-0.5451784,0.2424279,0.8025018
1172,-0.4392651,0.7328181,-0.5196382,-0.7140915,-0.6357937,-0.2929839,-0.5450866,0.2423716,0.8025812
1175,-0.4392927,0.7328312,-0.5195962,-0.7141062,-0.6357867,-0.2929634,-0.5450451,0.2423502,0.8026157
1178,-0.439377,0.7328455,-0.5195047,-0.7141244,-0.6357917,-0.2929083,-0.5449533,0.2422939,0.8026951
1181,-0.4394327,0.7328904,-0.5193944,-0.7141339,-0.6357762,-0.292919,-0.5448961,0.2421989,0.8027628
1184,-0.4395452,0.7329363,-0.5192344,-0.7141469,-0.6357726,-0.2928949,-0.5447883,0.2420691,0.8028749
1187,-0.4396674,0.7329364,-0.5191307,-0.714112,-0.6358187,-0.2928798,-0.5447353,0.2419478,0.8029475
1190,-0.4397241,0.7329376,-0.519081,-0.7141157,-0.6358306,-0.292845,-0.5446847,0.2419129,0.8029923
1193,-0.4397808,0.7329388,-0.5190313,-0.7141193,-0.6358425,-0.2928103,-0.5446342,0.241878,0.803037
1196,-0.4398079,0.7329334,-0.519016,-0.7141537,-0.6358371,-0.2927382,-0.5445672,0.2419086,0.8030732
1199,-0.4397968,0.7329423,-0.5190127,-0.7142412,-0.6357904,-0.2926261,-0.5444614,0.2420042,0.8031163
1202,-0.4397859,0.7329513,-0.5190094,-0.7143287,-0.6357437,-0.292514,-0.5443555,0.2420998,0.8031592
1205,-0.4397754,0.7329786,-0.5189796,-0.7143963,-0.6356956,-0.2924534,-0.5442752,0.2421433,0.8032005
1208,-0.4398301,0.7329865,-0.5189223,-0.7144454,-0.6356831,-0.2923609,-0.5441667,0.2421525,0.8032712
1211,-0.4398576,0.7329996,-0.5188804,-0.71446,-0.6356761,-0.2923404,-0.5441253,0.2421311,0.8033059
